date = 'Thu Oct 24 16:40:50 CST 2024';
version = 'cblas_dgemm';
MY_MMult = [
256 1.116620e+01 9.999695e-01 
512 4.562901e+01 9.999964e-01 
1024 9.215086e+01 9.999986e-01 
];
