date = 'Mon Sep  2 15:30:36 CST 2024';
version = 'MMult0';
MY_MMult = [
128 3.866431e-01 0.000000e+00 
256 4.265213e-01 0.000000e+00 
512 2.793418e-01 0.000000e+00 
1024 2.400663e-01 0.000000e+00 
];
