date = 'Thu Dec  5 14:06:24 CST 2024';
version = 'openmp_gemm';
MY_MMult = [
256 3.213718e+00 2.553251e+01 
512 2.712346e+00 3.435958e+01 
1024 2.528525e+00 5.847112e+01 
];
