date = 'Thu Dec  5 18:29:09 CST 2024';
version = 'cblas_gemm';
MY_MMult = [
8 4.778348e-04 2.849268e+00 
32 5.041231e+00 6.045610e+00 
256 1.259078e+01 2.342753e+01 
512 8.494793e+01 3.369356e+01 
1024 8.819235e+01 5.315360e+01 
4096 7.292089e+01 1.172231e+02 
