date = 'Thu Dec  5 14:25:32 CST 2024';
version = 'openmp_gemm';
MY_MMult = [
8 3.482993e-03 2.849268e+00 
32 1.489455e+00 6.045610e+00 
256 3.111790e+00 2.342753e+01 
512 2.617350e+00 3.369356e+01 
1024 2.629049e+00 5.315360e+01 
4096 1.165917e+00 1.172231e+02 
